combo_id,is_proposed,PQAR,QCS,TTQ,ARWM,RET,OCR,AUC
0,True,0.2,0.15,0.1,0.25,0.15,0.15,1.0
1,False,0.2688053186406034,0.26120038161532844,0.26663095681274335,0.031282723601150524,0.009664233265806942,0.16241638606436754,1.0
2,False,0.2067520910240549,0.4581366875157759,0.011627445460383386,0.15346430881936057,0.010328552968724347,0.15969091421170076,1.0
3,False,0.4427564947465044,0.09894154105846269,0.3149563541936856,0.03932480286669037,0.023419274142817578,0.08060153299183942,1.0
4,False,0.15404581122666877,0.07059333255472072,0.21322096655355502,0.03821685677056971,0.31417204617073746,0.2097509867237484,1.0
5,False,0.26569465390300795,0.1689819426530456,0.18366167173697265,0.031227670042021687,0.07277769070075528,0.27765637096419676,1.0
6,False,0.1049933001648044,0.34149729705360893,0.19138294718351664,0.06427147250043833,0.12455273406612001,0.17330224903151184,1.0
7,False,0.07530011896540957,0.0704991311174176,0.19248388188043106,0.06503196800125038,0.29208320812558963,0.3046016919099018,1.0
8,False,0.21477172096151315,0.014467918984919228,0.22467435170175468,0.26831296104193897,0.2222914693278016,0.05548157798207248,1.0
9,False,0.1368837969812845,0.0706886942676835,0.15114101956605733,0.009016403277205716,0.07137985552664194,0.560890230381127,1.0
10,False,0.6970883046251907,0.09831325705419519,0.049552760628328855,0.06939142777295675,0.06303873922232633,0.022615510697002336,1.0
11,False,0.08315110074196422,0.10560388838213691,0.11573255792370446,0.407562406765879,0.16169763976885207,0.12625240641746335,1.0
12,False,0.2189257873086016,0.12431230057688014,0.00932641039584411,0.20069643294980896,0.13036693063556062,0.31637213813330456,1.0
13,False,0.3022747012935752,0.04949503131762869,0.007415371137147862,0.1378452400969086,0.3805885032446137,0.12238115291012601,1.0
14,False,0.44733567730895346,0.15807573415875373,0.27583865395332247,0.06062243027738387,0.028217383180641212,0.02991012112094543,1.0
15,False,0.032165466002998015,0.014943505332457255,0.4691870524403123,0.12261749026787135,0.10553915154886839,0.25554733440749255,1.0
16,False,0.042003573974542234,0.4302677060714021,0.2897821777885764,0.07384811685875903,0.044992190942179267,0.11910623436454099,1.0
17,False,0.042177877398399566,0.010479573667263783,0.06967497568517182,0.311580838509748,0.13958936966699337,0.42649736507242353,1.0
18,False,0.2846250428005495,0.15548038533768074,0.25738804562117074,0.10110408948402322,0.14852024983236933,0.05288218692420652,1.0
19,False,0.05517855025779987,0.5402930806397174,0.0353415567955994,0.04733073992697812,0.07814821465580231,0.24370785772410297,1.0
20,False,0.06737835534866231,0.11144267691982199,0.3516399457982839,0.25101199942414815,0.1906941622774397,0.027832860231643938,1.0
21,False,0.3772668434843124,0.14415384857057092,0.03925599432292204,0.12669196851098893,0.02237978197210634,0.29025156313909933,1.0
22,False,0.15333387913084107,0.04644154491118658,0.007233929449221703,0.4306943480239134,0.1274734183256058,0.23482288015923153,1.0
23,False,0.035748562702659026,0.1698690194663609,0.1663093661746075,0.00943704595673597,0.5503807782072784,0.0682552274923581,1.0
24,False,0.28019376550755287,0.04885173702365493,0.19721620205849807,0.057380087648763345,0.3235303767913781,0.09282783097015274,1.0
25,False,0.2454085776707981,0.1663374613491751,0.23734886078845563,0.14877052987900138,0.193087553599321,0.00904701671324871,1.0
26,False,0.14386203612006254,0.22742745491623031,0.052647274635091036,0.30848280127687694,0.015232207108277175,0.25234822594346185,1.0
27,False,0.07101808839075348,0.13033142168315134,0.47500636664555296,0.024739553733061408,0.0372258040485465,0.2616787654989342,1.0
28,False,0.20805914923404042,0.06098924813239932,0.09389935723139224,0.15881180698081118,0.40235135324185195,0.07588908517950482,1.0
29,False,0.14029857807355323,0.06495094177644718,0.05580632082225685,0.391251714811788,0.10206691412735143,0.2456255303886034,1.0
30,False,0.058359762757214745,0.035866770712323005,0.2202513434379087,0.27327896779889604,0.18332684095042034,0.22891631434323714,1.0
31,False,0.1282856248363146,0.13749022721882714,0.28389132629772984,0.3555082976028888,0.08339865831696454,0.011425865727275221,1.0
32,False,0.20272449322611114,0.12220558070465452,0.3524472902819321,0.15084075176558054,0.020257457927987225,0.15152442609373457,1.0
33,False,0.11227733252703857,0.022582405600910523,0.05371201684696296,0.6817784265417588,0.07902876411711775,0.0506210543662115,1.0
34,False,0.10463944468733177,0.48710628890474084,0.2565496054549332,0.046582914649871576,0.001915439866221098,0.10320630643690164,1.0
35,False,0.02184122153493469,0.2997863072220227,0.015455510410331623,0.09921660046356802,0.14754360169233924,0.4161567586768036,1.0
36,False,0.05574490725377926,0.3331090045651143,0.1465538023397584,0.3320036452670162,0.06872780959631697,0.06386083097801482,1.0
37,False,0.04815383239852101,0.1988647028421626,0.12375533679517979,0.1649900655851165,0.244381703454327,0.21985435892469304,1.0
38,False,0.1826647147841351,0.24442959673138273,0.006017796654896781,0.262986568226225,0.22724542647914908,0.07665589712421136,1.0
39,False,0.031115995130350908,0.09223592584038051,0.26293010456670285,0.042304625458688294,0.1860372614958092,0.38537608750806834,1.0
40,False,0.05461949002972689,0.5892695171638247,0.008271298188678777,0.005092524497047263,0.25436053181408635,0.08838663830663603,1.0
41,False,0.06747695787205708,0.21813410443182019,0.2755655891008739,0.09177486484744936,0.23454312951486006,0.11250535423293924,1.0
42,False,0.06931739430761549,0.0336304065356444,0.19031072375748095,0.29593506728776,0.3690593745828231,0.0417470335286761,1.0
43,False,0.2635928536219372,0.131900134338815,0.4399027456851144,0.05671551308685561,0.015147082225479624,0.092741671041798,1.0
44,False,0.015589903868984789,0.10394032717227542,0.1076417098088651,0.025017230293072082,0.6811403213946807,0.06667050746212186,1.0
45,False,0.5630544228076771,0.09443486339255783,0.2393642931188558,0.042457794225753014,0.05544220145667314,0.005246424998482991,1.0
46,False,0.24308923578913597,0.0534606680528191,0.10423111473493034,0.13076380169950338,0.027059244343840064,0.4413959353797712,1.0
47,False,0.32543885077519974,0.044873833529670906,0.0643227944538802,0.29548670408193256,0.07560281284422271,0.19427500431509398,1.0
48,False,0.1977746082033908,0.011040885170259938,0.09548896690872516,0.4176906920601535,0.019827542725470586,0.25817730493199986,1.0
49,False,0.0076733023582214255,0.4071726001451058,0.03864727210922525,0.03726163744580138,0.16573699911880715,0.34350818882283896,1.0
50,False,0.36422495338209354,0.15787349117009325,0.1973937245402618,0.12532363426655646,0.02199887521897348,0.13318532142202139,1.0
51,False,0.042863855350601665,0.2540703036640995,0.1970731824611263,0.09184180541164047,0.182403328094969,0.23174752501756307,1.0
52,False,0.09266228970943122,0.1671890065595957,0.16904665558317086,0.044957998387170774,0.11582765981495136,0.4103163899456802,1.0
53,False,0.27538758003780217,0.13225133165239042,0.13824496945547407,0.09167927659962329,0.2688257589970605,0.0936110832576496,1.0
54,False,0.1172699869796779,0.07834309214853057,0.07346825103844565,0.3516570833823904,0.26250811849567096,0.1167534679552845,1.0
55,False,0.2731760628778822,0.03388525206436529,0.10614262769858993,0.2983178841969805,0.2342702226655414,0.054207950496640754,1.0
56,False,0.45025977095493186,0.005563955566327914,0.16140636977338074,0.01397928771142745,0.3562390755074596,0.012551540486472307,1.0
57,False,0.1723103804197733,0.020108238705918866,0.5042217283441596,0.06419594205029268,0.13040345343763773,0.10876025704221791,1.0
58,False,0.06083047180836959,0.1309454309664147,0.06719783489313692,0.24886404916194452,0.005543354831198941,0.48661885833893526,1.0
59,False,0.1371365290059845,0.04884181536850085,0.09716745541336974,0.20591833090784661,0.16512842606512484,0.34580744323917345,1.0
60,False,0.37144723745653857,0.1543326599187007,0.2569607105499344,0.10971288798686558,0.01877304143913769,0.08877346264882308,1.0
61,False,0.047609260790418696,0.3193021063116541,0.03706604318878341,0.20631297778908164,0.3680337732528475,0.021675838667214613,1.0
62,False,0.1746448754704188,0.4798501157506426,0.09492251951197783,0.0905384893218973,0.12215811548308461,0.037885884461978735,1.0
63,False,0.022667543216661392,0.3910890980673201,0.30221484349430916,0.07411906381595607,0.04071815865576175,0.16919129274999134,1.0
64,False,0.4571990813458343,0.22789973037043373,0.05111368175243633,0.06963753338174303,0.11519785951024959,0.07895211363930299,1.0
65,False,0.04908484796711649,0.0486431225925546,0.164050831700298,0.5290659155956015,0.029031805875611855,0.18012347626881764,1.0
66,False,0.2726990030749144,0.0013234387242001494,0.05700527338398548,0.14004787919133685,0.2362029115225717,0.2927214941029915,1.0
67,False,0.14850854543400407,0.031385027285786564,0.15178478410001914,0.35967039576632953,0.11772789361057359,0.19092335380328723,1.0
68,False,0.3338103093115655,0.004133971804443929,0.4179279217684989,0.004974132054342414,0.22526159775836502,0.013892067302784153,1.0
69,False,0.0341956435870111,0.06240891452004439,0.23241877838430736,0.02305949957961226,0.4151893170916095,0.2327278468374153,1.0
70,False,0.010211882093220173,0.001151811998083748,0.021888176451972503,0.12564890529951428,0.7953081736188772,0.04579105053833192,1.0
71,False,0.14713813600925424,0.008830555813092982,0.16437804792050684,0.20930348588963366,0.23339611725829476,0.2369536571092176,1.0
72,False,0.28904844505287863,0.01489471703264467,0.1447598939514415,0.07664742568420355,0.08229146965897427,0.39235804861985724,1.0
73,False,0.33410092714750217,0.18128793063410945,0.03899925988397499,0.17090818068944694,0.044559559921434164,0.23014414172353237,1.0
74,False,0.05600993681875059,0.3427224632091377,0.13759984921461202,0.02735677897652006,0.3995591547138441,0.03675181706713554,1.0
75,False,0.5617201508614843,0.08661191891758416,0.04668315760856669,0.026218196590812905,0.09589447264649399,0.18287210337505821,1.0
76,False,0.16133971431680164,0.07984709671959567,0.30771586726744754,0.1409389385593564,0.016208246391483206,0.29395013674531567,1.0
77,False,0.06891811120269568,0.5802239336028505,0.052942351767095434,0.08973920783341724,0.19560196019442455,0.012574435399516635,1.0
78,False,0.7618809489179384,0.1297624126707377,0.07499717589436482,0.01755926085588056,0.007367802849803379,0.00843239881127501,1.0
79,False,0.06033369135438784,0.057774306552760925,0.16147995454920305,0.3623405394076007,0.18553213892127038,0.17253936921477686,1.0
80,False,0.19070554770573625,0.33332194034485585,0.2756818070697438,0.018487797803205853,0.09252922626143631,0.08927368081502174,1.0
81,False,0.020520805266431356,0.12212997741472793,0.01583665986625288,0.4016400217256785,0.41110801974649097,0.02876451598041842,1.0
82,False,0.014075628065147248,0.5112181132271041,0.05124185978597497,0.11508079695377443,0.10041043956009894,0.2079731624079004,1.0
83,False,0.18214612666467955,0.40214361133910137,0.033126212210663517,0.1814537524167602,0.07551892850615977,0.12561136886263555,1.0
84,False,0.6166531836519737,0.08051665033084457,0.1754288642847217,0.0952521829538196,0.029227365448095746,0.0029217533305445423,1.0
85,False,0.4159302146945235,0.025501140342858733,0.052333158488149345,0.24347974935899935,0.09958014517750151,0.1631755919379675,1.0
86,False,0.07811795059985334,0.003016185616395062,0.2754733331249168,0.5063612997487005,0.0854634437988798,0.05156778711125449,1.0
87,False,0.27672572921942695,0.06533945097828535,0.1186303338676628,0.25212374452728964,0.05249523154641533,0.23468550986091988,1.0
88,False,0.25134178243444466,0.22564531866675844,0.38814423908049256,0.0032135809300741984,0.0820707085180592,0.049584370370171056,1.0
89,False,0.13049319451144703,0.16764906276523353,0.10222279739892404,0.236754551700948,0.1401464201776446,0.22273397344580284,1.0
90,False,0.13404573941774428,0.05582558094303047,0.19982469314063628,0.24217207869787025,0.3208287242575766,0.0473031835431422,1.0
91,False,0.23450303979158055,0.32432530487772265,0.011266812260049662,0.13481583696015115,0.22473190680827837,0.07035709930221751,1.0
92,False,0.2277861957000142,0.16047530864405946,0.023510029909630664,0.07394222206515381,0.4154278355407049,0.09885840814043693,1.0
93,False,0.2586641453791464,0.4500231850933336,0.10785567467556616,0.017656623165740938,0.04512960276241309,0.12067076892379995,1.0
94,False,0.07188023945323015,0.09936898144712321,0.16153211903295175,0.18623208409113104,0.13060741559012432,0.3503791603854394,1.0
95,False,0.4320217932240799,0.15596329304709144,0.2326336782925085,0.06156082179797299,0.017236691167696765,0.10058372247065046,1.0
96,False,0.5380273266017135,0.033236533896978455,0.0909903620112177,0.20732802449361676,0.11928812677382056,0.011129626222653118,1.0
97,False,0.6337340767831121,0.11851696100661878,0.044554604763212505,0.07591340306245974,0.004493731425615368,0.12278722295898152,1.0
98,False,0.2428519668432424,0.11908514074633895,0.21911029094582685,0.09967258180649409,0.21495858745421764,0.10432143220387993,1.0
99,False,0.08943578704211266,0.16816531374414362,0.38417509184327636,0.04706569980096116,0.3013572082843626,0.009800899285143582,1.0
100,False,0.10076508059168755,0.07791803464318357,0.09570388108611144,0.20485383395426535,0.0547726137544778,0.4659865559702743,1.0
101,False,0.17715500243108412,0.32616621382641564,0.19843577698622658,0.16444916942355248,0.12835557202059186,0.005438265312129338,1.0
102,False,0.2846439749381247,0.07547190345296036,0.1999541791066071,0.29297644324081606,0.1122376958408006,0.03471580342069112,1.0
103,False,0.06710819521017779,0.010546633600413816,0.2508147546792353,0.12438867708661962,0.2907393623082179,0.2564023771153356,1.0
104,False,0.010879009671738084,0.4677057322682439,0.03868350980382846,0.020254448508483996,0.3011806023550203,0.16129669739268526,1.0
105,False,0.2403747954622129,0.49900872682517033,0.08393972917686228,0.1409336805849886,0.0004769850564685847,0.035266082894297314,1.0
106,False,0.19095899973861777,0.002128659626762436,0.17847239435732223,0.1690526927214454,0.016572357683684678,0.4428148958721674,1.0
107,False,0.16340324890805555,0.2698071715881077,0.01870960703535371,0.15795311334674747,0.04731250377406039,0.3428143553476751,1.0
108,False,0.1314680083421006,0.190728319488009,0.064461676496112,0.1272900539079041,0.27574758374129127,0.21030435802458303,1.0
109,False,0.004239495962934094,0.010851591434274502,0.18537698349349105,0.45610120118892084,0.28272699435206744,0.060703733568312074,1.0
110,False,0.23211349096378583,0.4822665436386549,0.05868939701057775,0.0930040082703808,0.08426503626411264,0.04966152385248814,1.0
111,False,0.11971852631134035,0.1006208789308774,0.057032000748594554,0.01683714817406631,0.09491868645637574,0.6108727593787455,1.0
112,False,0.072982776474912,0.05071192304406233,0.29200607231925857,0.09718105925614431,0.26884823701113847,0.21826993189448432,1.0
113,False,0.14779129179242043,0.046285899441843414,0.10863693618084036,0.36923105696419234,0.17271860034100975,0.15533621527969366,1.0
114,False,0.18854129163547817,0.3634439191580234,0.22838448573967987,0.055939267372403984,0.11045273247563021,0.053238303618784295,1.0
115,False,0.5076206413797051,0.04683517941417324,0.04301608229892585,0.10013092918639002,0.22079469575325122,0.0816024719675544,1.0
116,False,0.10963397192716048,0.064661758369768,0.42734533871134966,0.28525367613022096,0.05993557217305572,0.05316968268844525,1.0
117,False,0.01584944226223548,0.21825898867401247,0.46679583437350897,0.0871797290975081,0.20914835686659528,0.0027676487261397613,1.0
118,False,0.7534561201839747,0.010829348961335951,0.1541970866263045,0.005558548718775963,0.035051932079658295,0.04090696342995077,1.0
119,False,0.2921438515360928,0.01838037468719808,0.12408966239102173,0.06693251921342465,0.03353145176981694,0.4649221404024459,1.0
120,False,0.3296663810981383,0.06718078572026157,0.39272389224350684,0.13425478289802167,0.0007571522706912219,0.07541700576938043,1.0
121,False,0.34362602749749016,0.0004991813303787948,0.13722652790522688,0.20139088345219103,0.0858454433016515,0.23141193651306166,1.0
122,False,0.2974720689809406,0.10188916856354058,0.09560361004717545,0.024685833204246742,0.10282837333759831,0.37752094586649837,1.0
123,False,0.08657842210814512,0.10825116040498006,0.42714052579771816,0.059345040287402236,0.006696820058018998,0.3119880313437355,1.0
124,False,0.21663305980236214,0.044797704924749715,0.027507431189146923,0.2093647049447944,0.4919675830979356,0.009729516041011202,1.0
125,False,0.02195347243370633,0.033663632620452764,0.05124274520645231,0.30077551354896725,0.017033891346410406,0.5753307448440109,1.0
126,False,0.29472066205592784,0.5847004824956823,0.001146414648047509,0.025331081775632185,0.085920881305652,0.008180477719058086,1.0
127,False,0.3169939050679431,0.25857330922567007,0.05267578678431726,0.1539252877332736,0.15965251139446043,0.058179199794335425,1.0
128,False,0.06720991697771785,0.27595247532030814,0.08229792152670821,0.34138861776342777,0.13901793916341715,0.09413312924842089,1.0
129,False,0.3565061597411857,0.2441788403833292,0.15725745167747388,0.007581430952012622,0.22143939745148308,0.01303671979451537,1.0
130,False,0.021178911286061128,0.2797936020330102,0.20927521279183647,0.20342543262317364,0.0338782263049114,0.25244861496100723,1.0
131,False,0.4055715356260165,0.015851110021310195,0.09258893137516504,0.38159351419420695,0.06254000096633046,0.0418549078169709,1.0
132,False,0.22141763180736254,0.0009235537057469159,0.005458840988662947,0.3018169233028105,0.05411234518563465,0.41627070500978247,1.0
133,False,0.32043820800967227,0.23943848060906622,0.08915420785876993,0.0359011082514846,0.0161722999415282,0.2988956953294788,1.0
134,False,0.04641946219284921,0.09026855652124725,0.3391486549242704,0.01744935247537549,0.47702273934125294,0.029691234545004816,1.0
135,False,0.023486456739696276,0.009463417986919541,0.2685987509116356,0.4122404818111003,0.1511561645303785,0.13505472802026974,1.0
136,False,0.039906104787396535,0.15480206852696354,0.16215180707876153,0.19596224197765344,0.2198120714206278,0.2273657062085972,1.0
137,False,0.0035743976355333894,0.21441051206198578,0.17829535797438478,0.375956046896413,0.0229864416810225,0.20477724375066048,1.0
138,False,0.17210550575820444,0.1762656302979311,0.0437248888185028,0.38791143095195774,0.19066011373348846,0.029332430439915517,1.0
139,False,0.47917478788792595,0.05997882779931152,0.03282619914372245,0.20915685694026423,0.11972908560145197,0.09913424262732388,1.0
140,False,0.012299134826343093,0.19203126768124082,0.37320231881076715,0.11729577465577415,0.24955808262425758,0.05561342140161713,1.0
141,False,0.03234784999226327,0.46769294963726527,0.11795326284148415,0.15458660943794472,0.07786622361931089,0.14955310447173173,1.0
142,False,0.0711265108858632,0.011528218588630878,0.40560679718449927,0.03808047101787346,0.07819367411480714,0.39546432820832617,1.0
143,False,0.1951325452310616,0.15525078236284393,0.3867609661749016,0.031839629566999934,0.1189493482429492,0.11206672842124388,1.0
144,False,0.5554241514761227,0.2744604785944819,0.035070806468882665,0.026589111401137913,0.07363461730626389,0.03482083475311101,1.0
145,False,0.07850024532349051,0.018974494995610474,0.15080507367880144,0.03747327530592882,0.040979798677569165,0.6732671120185996,0.9974489795918368
146,False,0.26358274059409376,0.33334240797056924,0.010212569357353617,0.04759798046417162,0.07286327111856311,0.27240103049524855,1.0
147,False,0.1043179394974043,0.0006834260845752781,0.03710359669764482,0.18599808457395722,0.625307779384842,0.04658917376157638,1.0
148,False,0.09997441622367328,0.14851962333987373,0.09994927943705002,0.26507176423238377,0.35288600313627083,0.0335989136307485,1.0
149,False,0.3649390634291718,0.05119510921970762,0.08079332380248677,0.29176911003142847,0.16936505337766444,0.04193834013954087,1.0
150,False,0.15697813503577682,0.28105008872924264,0.2741958722474444,0.07931461366409907,0.16192219524517248,0.046539095078264626,1.0
151,False,0.046141541957414656,0.0683852141540591,0.5009906362450434,0.09438687344225107,0.15522265417199552,0.13487308002923634,1.0
152,False,0.16190438262705478,0.34313112828541564,0.049868202410683064,0.1545801622391884,0.04754513778968415,0.24297098664797384,1.0
153,False,0.06691422475861358,0.06507719210484403,0.33548124217672926,0.03825225577968829,0.14467497254219258,0.34960011263793234,1.0
154,False,0.04747882930603923,0.413834300270358,0.12246880444749232,0.10122459622940663,0.11651110182334086,0.198482367923363,1.0
155,False,0.04926814055016299,0.1924769272815604,0.3478933895377642,0.2784882726733812,0.09864511046857515,0.03322815948855582,1.0
156,False,0.062371035027277866,0.30594016040099375,0.17585249409110526,0.07512392406673715,0.0060635789297093234,0.37464880748417667,1.0
157,False,0.08677487187670253,0.31271996880053143,0.16435838361448576,0.21959254911865048,0.04227918821869534,0.17427503837093436,1.0
158,False,0.4628748083184851,0.1116606430817764,0.10792638030919188,0.16386026876773882,0.08056039382065344,0.07311750570215421,1.0
159,False,0.004093035006869223,0.3265614980544361,0.2526383085664894,0.10579969294743072,0.2049191717712663,0.10598829365350824,1.0
160,False,0.01817891289338218,0.023173690617323505,0.49466405409873354,0.18783779552337995,0.06620979936130143,0.2099357475058794,1.0
161,False,0.07978790348232832,0.1698050653591478,0.12078399569162547,0.15516748010725706,0.0006318273984752209,0.47382372796116623,1.0
162,False,0.02554633115325905,0.26808202811641246,0.07103171603782252,0.11616370202023334,0.2825133253607735,0.23666289731149912,1.0
163,False,0.33332504727256157,0.05611149692816067,0.3469506087279544,0.10069928353515474,0.057480007476079266,0.10543355606008921,1.0
164,False,0.1901650717858438,0.0655382241377393,0.0640004698084913,0.5038846014738799,0.01749492780582668,0.1589167049882191,1.0
165,False,0.34837985026070717,0.04355807177425772,0.19189279291125444,0.04240966423973982,0.35662604350664445,0.017133577307396345,1.0
166,False,0.10260716020817542,0.13932647283623273,0.2649668939601689,0.16610186922374828,0.2973490983280061,0.029648505443668646,1.0
167,False,0.24856513670836025,0.38306227455430847,0.22345833473318902,0.06001082144277472,0.035484944179288325,0.049418488382079094,1.0
168,False,0.021033695800292063,0.18001377280873104,0.1312448680909292,0.13142779780907723,0.15931969327034182,0.3769601722206287,1.0
169,False,0.015080348629036046,0.11245007341604349,0.054640825111120936,0.2741910260037518,0.4688265568165225,0.0748111700235254,1.0
170,False,0.18896316378215938,0.014485155638717809,0.19118545616045685,0.11142452556853599,0.2921705009330618,0.20177119791706813,1.0
171,False,0.25850104670421253,0.0886538693804598,0.10204150041897372,0.2997252044843914,0.09268395499033763,0.15839442402162482,1.0
172,False,0.04327528799732731,0.24291280888604408,0.17658139466249279,0.18343075411446083,0.192865166653366,0.160934587686309,1.0
173,False,0.00906538969714105,0.041028534727327655,0.23412194305574494,0.1957870928931015,0.19214341272779098,0.32785362689889386,1.0
174,False,0.18884470532316788,0.1750464789828113,0.15616042469351463,0.015145532626227998,0.1657532875861355,0.2990495707881427,1.0
175,False,0.04451410231288543,0.30151246763428724,0.1356949043370603,0.16146745942156238,0.1267476741972099,0.23006339209699483,1.0
176,False,0.13836737161850485,0.1745748255609946,0.0613378998250965,0.1615480469571035,0.06074596340255188,0.4034258926357487,1.0
177,False,0.12378053355892622,0.12188140094682508,0.23255737339763075,0.03615336312533854,0.037696392748166344,0.4479309362231131,1.0
178,False,0.14672856374988175,0.13538428063822266,0.002645831754521129,0.07931276956998895,0.36887032532218383,0.2670582289652017,1.0
179,False,0.15393168657747974,0.31809456369189454,0.1405101872047706,0.18204601924621006,0.13106517701954015,0.07435236626010504,1.0
180,False,0.1178604247326588,0.10057509407209149,0.4592518733969482,0.017374097048276756,0.08933809321470033,0.2156004175353243,1.0
181,False,0.11635851301180877,0.4240781588843651,0.07775470335344756,0.0264185982699748,0.34407638351816133,0.011313642962242432,1.0
182,False,0.09755395000725883,0.07288881034228412,0.1609716785547389,0.2271069496805001,0.11203418250366885,0.3294444289115493,1.0
183,False,0.021750151483112882,0.18013940571153994,0.401939039249002,0.21918819317987714,0.07156491951900293,0.1054182908574652,1.0
184,False,0.09172929617255782,0.07634969148141213,0.23733641934655136,0.21491428277012659,0.20326753433415232,0.17640277589519973,1.0
185,False,0.14096794329201168,0.29842665373442484,0.035218219436947265,0.21734096054753688,0.00152206836561467,0.30652415462346466,1.0
186,False,0.10850191661756631,0.12251438702998105,0.5851358735673009,0.17109779855366442,0.012676887927267974,7.313630421917226e-05,1.0
187,False,0.06590895563880253,0.34452076599444625,0.025353779818534358,0.18107017131135703,0.34023366362537777,0.04291266361148195,1.0
188,False,0.036679782543072796,0.544215551825785,0.1296643489108569,0.07762970992805135,0.20009559901006926,0.011715007782164917,1.0
189,False,0.25765780156612444,0.22754707198037097,0.07542265106011369,0.06054902423981913,0.1370822626796479,0.24174118847392387,1.0
190,False,0.27230414468563824,0.38325057207750285,0.03410825299030924,0.04695160491298608,0.22920273673138242,0.034182688602181356,1.0
191,False,0.0028942263673820442,0.07649092216572503,0.11632359352974979,0.11716125328521473,0.3612936628923585,0.32583634175956994,1.0
192,False,0.07255405058105276,0.15903060653218867,0.08214381106904708,0.12817466387559795,0.38495588282642285,0.17314098511569062,1.0
193,False,0.04445048179688792,0.024288360893322317,0.40250967410731675,0.15280918596786122,0.25278201450162996,0.1231602827329817,1.0
194,False,0.07748505466285657,0.6397689434308531,0.22033993767077695,0.005868044591076031,0.016798433708761596,0.03973958593567572,1.0
195,False,0.08695204641429792,0.040163831635772806,0.22649069835056518,0.11356007478260079,0.4436724330434509,0.08916091577331231,1.0
196,False,0.09521087614111447,0.06986190084370185,0.13568061655350705,0.03687955809533889,0.22575984048932324,0.4366072078770145,1.0
197,False,0.021536115729086383,0.0013582801356102076,0.16573730216542845,0.2408223293110614,0.40411709682884817,0.1664288758299653,1.0
198,False,0.11007569217812642,0.1643416862183062,0.08894814997358691,0.6035742420476102,0.0117906615519265,0.02126956803044384,1.0
199,False,0.2062414301532433,0.0856240219934737,0.4781304952685932,0.11793695902822338,0.06323325168837537,0.04883384186809112,1.0
200,False,0.20921786548330992,0.03860967035322386,0.12238709271177675,0.24714591527052712,0.27899896670948726,0.10364048947167515,1.0
201,False,0.007681173837763854,0.07347567376820804,0.08846322724044625,0.10081842720090044,0.04445444166610549,0.6851070562865759,0.9974489795918368
202,False,0.35969834135713274,0.02436480170270197,0.021995843677655908,0.15527878408447887,0.41614006608903703,0.02252216308899343,1.0
203,False,0.19177139671031476,0.12721763918617765,0.1983615776234654,0.20544227242973676,0.16479417678820713,0.11241293726209835,1.0
204,False,0.3247949804238305,0.15518417339800505,0.1321909507490327,0.11643453294362927,0.21728544241196973,0.054109920073532734,1.0
205,False,0.4877856842947027,0.18286535017188982,0.02034013555814817,0.14423863931142228,0.1498630213344416,0.014907169329395564,1.0
206,False,0.1614584566049794,0.09860066318644493,0.0579655932577361,0.08495592552940683,0.3942527142748122,0.20276664714662057,1.0
207,False,0.07321707380507599,0.04841843815073958,0.3785109485377752,0.1294523764412716,0.25372630026566806,0.11667486279946959,1.0
208,False,0.0376942402478875,0.1768298965743361,0.09127526337155115,0.13051318390319488,0.23872046749666329,0.32496694840636703,1.0
209,False,0.21733489250218144,0.16644696340457107,0.27131855382648723,0.05519632306408714,0.06628318480275734,0.22342008239991562,1.0
210,False,0.06910141903399089,0.06803923338510465,0.38045078660765075,0.3026893317560873,0.07129862004935761,0.10842060916780881,1.0
211,False,0.2954874209215073,0.016719262911692442,0.21624589384741463,0.03180159515952292,0.33111217737849435,0.10863364978136833,1.0
212,False,0.08054012892994074,0.0002222173060529362,0.014901757275253431,0.18214485894065757,0.7055995573924178,0.01659148015567743,1.0
213,False,0.24372312122868997,0.4077338489537325,0.07817024322325783,0.24371156036863295,0.002989540166602092,0.023671686059084728,1.0
214,False,0.05700819137114984,0.11055173724761361,0.2470065575477958,0.3470133948625927,0.09489493101528998,0.14352518795555821,1.0
215,False,0.3073452970373793,0.060679543414277254,0.040763979076591454,0.13196347846815124,0.4179437074830319,0.04130399452056896,1.0
216,False,0.17695493920320596,0.3947337645787775,0.0717032290786846,0.09439856358843951,0.12478960896291505,0.13741989458797746,1.0
217,False,0.2061531559907567,0.18497311717271067,0.08410017572988182,0.39564760688771655,0.0876721303783539,0.04145381384058047,1.0
218,False,0.2194772684491576,0.4121537170786655,0.07024219883881831,0.2010038525306961,0.08972572024420865,0.007397242858453859,1.0
219,False,0.059492095405808305,0.25045006240939566,0.30058812335888485,0.056642642539487746,0.2128466841258115,0.11998039216061189,1.0
220,False,0.4160613642374121,0.017450699587640017,0.0704901419860654,0.09723896134745315,0.15331082701398194,0.2454480058274474,1.0
221,False,0.10593726385778693,0.10367797546258538,0.02595701928663479,0.5372206570952264,0.07794265781143199,0.14926442648633437,1.0
222,False,0.3424923697685227,0.023627674582919752,0.14448125450800076,0.08592461061768836,0.2897162778604473,0.11375781266242116,1.0
223,False,0.0938059647075592,0.00289400143965251,0.5860355730675847,0.024741721144803715,0.21205330351047985,0.08046943612992008,1.0
224,False,0.306943590513314,0.015511904492331106,0.25243935545669377,0.3852747653226949,0.02943182944296993,0.010398554771996242,1.0
225,False,0.17247863141091532,0.049629086699476424,0.06361760725939239,0.21951204075615377,0.3438637177595717,0.15089891611449036,1.0
226,False,0.3400021637205954,0.02528306981440575,0.5182889125663702,0.028506279250733128,0.02471794731917603,0.06320162732871945,1.0
227,False,0.089188377283567,0.02171408627513393,0.3066701781688954,0.030020989995553467,0.2553048763622684,0.2971014919145818,1.0
228,False,0.07260679770373774,0.286890796529407,0.21254830099079955,0.06665554954043543,0.21415808041196904,0.14714047482365128,1.0
229,False,0.03889850862125315,0.4362589867229532,0.113946259218286,0.21913272329765138,0.0662062214582268,0.12555730068162965,1.0
230,False,0.03184300703346741,0.04111552325308628,0.16080811146147525,0.2280687563047068,0.4597237212651195,0.07844088068214455,1.0
231,False,0.006578575431088884,0.04071020287872297,0.042421896763140475,0.7409072542699208,0.08292871333076282,0.08645335732636414,1.0
232,False,0.6290754068984568,0.18366509170613415,0.10012528916740784,0.007320313989775423,0.022892255363539844,0.056921642874685825,1.0
233,False,0.07683858861249027,0.17395599141757787,0.25960116450228066,0.08035810504739964,0.2485429750144812,0.16070317540577053,1.0
234,False,0.3736824549243565,0.16091822498573333,0.14697117994248296,0.1014566074514093,0.14035419390105133,0.07661733879496654,1.0
235,False,0.04567778286723081,0.13749720678304772,0.06449330965567623,0.06154542967228616,0.5069078781674994,0.18387839285425964,1.0
236,False,0.06141999240962872,0.13409680152222148,0.21767281572009303,0.47875555434926,0.10103915648551501,0.007015679513281807,1.0
237,False,0.1060107978155216,0.012721354309577009,0.5056593111092332,0.023118901797474445,0.010561671182115276,0.3419279637860784,1.0
238,False,0.09531232606760631,0.11918240736485142,0.09668596691166027,0.4384476409722639,0.14415287435494376,0.10621878432867427,1.0
239,False,0.013884746734526958,0.35886816213922496,0.03222278677402022,0.33867283659302405,0.0060504754102803275,0.25030099234892356,1.0
240,False,0.07657707464688082,0.5912751189985712,0.24229611511890067,0.01763764471822122,0.018522883399927144,0.05369116311749872,1.0
241,False,0.36924668936719984,0.09463574387769585,0.09316541596972634,0.18787363995115708,0.12969536852572408,0.12538314230849693,1.0
242,False,0.30409305418574056,0.134436423622904,0.2091904086693471,0.07878895623859296,0.11943492725916582,0.15405623002424962,1.0
243,False,0.07493379243096598,0.2573763391557767,0.3555286093032716,0.027446347592478944,0.27449853378016026,0.010216377737346549,1.0
244,False,0.030309517256840005,0.10901875663245804,0.24858603242903402,0.47026339270248657,0.13420673496025043,0.007615566018930999,1.0
245,False,0.48143852801860115,0.07310443670414747,0.07940549146167085,0.02982482788097482,0.20898678196404105,0.1272399339705647,1.0
246,False,0.3996884979808661,0.2471490752409069,0.0857966484626463,0.07088430330239534,0.14031339111945382,0.05616808389373169,1.0
247,False,0.015249099810996166,0.12953349149189122,0.08491837622339508,0.38388872310034494,0.3106257520081827,0.07578455736518985,1.0
248,False,0.15544033305321575,0.0644705919055094,0.2350008792345329,0.11604947848949733,0.1811454098054236,0.24789330751182093,1.0
249,False,0.17699666760326604,0.3776608026989394,0.059413102575095744,0.09547527664613238,0.07846234585358469,0.21199180462298167,1.0
250,False,0.26939920742776197,0.18241413731130635,0.006181994652862393,0.05240910355067259,0.2700767258896352,0.21951883116776164,1.0
251,False,0.0724326550628287,0.08293306275999711,0.34265260931385827,0.16637988189443015,0.20633627551463787,0.12926551545424775,1.0
252,False,0.15588854968818194,0.2549652684435738,0.3835045236489026,0.1284620866583893,0.059089518182419365,0.018090053378533213,1.0
253,False,0.004661749467645101,0.3953261218382609,0.17273074046518952,0.06347763392145739,0.12227080846341383,0.2415329458440332,1.0
254,False,0.30656805060320264,0.017457098381161208,0.07156510514240952,0.12556677414469536,0.3667633525764293,0.11207961915210185,1.0
255,False,0.16487462787945728,0.19473138883219882,0.059649576222630236,0.19383349649959997,0.3347504428524169,0.05216046771369678,1.0
256,False,0.3721517007651608,0.015225323770528525,0.06740279643265029,0.025054874198385053,0.011833959472763897,0.5083313453605113,1.0
257,False,0.11211553059939289,0.2545014294591142,0.347021572963171,0.049670625511932076,0.12165810792495352,0.11503273354143645,1.0
258,False,0.08534734960727179,0.1509509716715627,0.09286822717459994,0.3859169004521804,0.16517174917820202,0.11974480191618307,1.0
259,False,0.04279661725750692,0.23691846621371923,0.0802707567937309,0.0810484904992347,0.5492065015098161,0.009759167725992036,1.0
260,False,0.11706621704359865,0.205986074041536,0.30785235957867096,0.2950175006900113,0.07242548372592739,0.0016523649202556633,1.0
261,False,0.3539997451904723,0.2853666818025221,0.029531120456081597,0.22644956675983058,0.06579577554261104,0.03885711024848236,1.0
262,False,0.17603226151237591,0.23132479897086672,0.1997078427876564,0.07595484283456268,0.19100541020664769,0.12597484368789064,1.0
263,False,0.11998098283207713,0.21231493206556867,0.1508076525337058,0.16607861014292094,0.2738183936833672,0.07699942874236053,1.0
264,False,0.13142966238097686,0.1835601568931691,0.3153573937502695,0.05239544662017405,0.26009412493654865,0.057163215418861955,1.0
265,False,0.04805882381149988,0.06654851066171245,0.014048958154262318,0.26106067893931584,0.23876477477992564,0.3715182536532839,1.0
266,False,0.22708966596038452,0.2862748481197767,0.08895737531358631,0.007240014813864552,0.3350143325515849,0.05542376324080297,1.0
267,False,0.04324573313103381,0.7462475220465196,0.024854428223956126,0.013925620535078245,0.0117300225820081,0.15999667348140428,1.0
268,False,0.1019115904198416,0.09234322832104461,0.181565861685904,0.02439398772879283,0.032247993598959475,0.5675373382454575,1.0
269,False,0.28553286384289267,0.11157829559988396,0.3296055877548721,0.01068179018695181,0.10875576832774637,0.15384569428765305,1.0
270,False,0.36087687636214133,0.16745468566325492,0.16395308386257681,0.06713846504916869,0.21419918057432652,0.02637770848853152,1.0
271,False,0.2698484767830727,0.09385297703987991,0.015822243363560935,0.049442404924175655,0.08622863602217967,0.4848052618671311,1.0
272,False,0.11261872079957551,0.15684338505622525,0.4622889688552536,0.1368669508009407,0.007585626040615958,0.1237963484473889,1.0
273,False,0.1399542161743688,0.03558303165551987,0.016687549885864756,0.07679425849593957,0.5864945081057065,0.14448643568260053,1.0
274,False,0.24976055572104616,0.1804323180263437,0.05177244166982687,0.1168224020900126,0.35745524091682235,0.04375704157594829,1.0
275,False,0.003897706038040147,0.5241811575651648,0.03440658203496689,0.3189908766244425,0.061687827339358174,0.05683585039802727,1.0
276,False,0.1343094721518753,0.10989682885823808,0.41746049770984817,0.06882393059840174,0.020988844620365626,0.24852042606127117,1.0
277,False,0.2344101947477519,0.007251770202408732,0.2326847943161231,0.33995799983127356,0.07778388056343803,0.1079113603390045,1.0
278,False,0.021396566104088587,0.05661491970591972,0.18712844313701724,0.005185716061394719,0.24802299869599898,0.4816513562955808,1.0
279,False,0.027368584979689168,0.13689046802925622,0.05555097883001022,0.1559975106058556,0.3728841935097732,0.2513082640454155,1.0
280,False,0.09628149981060838,0.03910389185130228,0.7407158503358793,0.05640480067160909,0.06654673488223951,0.000947222448361523,1.0
281,False,0.4036867912623928,0.13796632402620773,0.1806729590450754,0.1757506851111431,0.04836650126956083,0.05355673928562005,1.0
282,False,0.21162012146853248,0.16202162134995102,0.010555931299050149,0.0869991433772545,0.4121884348833232,0.11661474762188884,1.0
283,False,0.11291411261629705,0.034261859343018265,0.4500132328625405,0.27344240278347887,0.08004867810643172,0.04931971428823363,1.0
284,False,0.09783221420926057,0.15855486687918807,0.05019475234796403,0.08465722058647498,0.015013638023940186,0.593747307953172,1.0
285,False,0.014882239666627377,0.009010973134422381,0.33062906885303245,0.13176574495711524,0.21919142412295958,0.294520549265843,1.0
286,False,0.07957282208092903,0.1564926782427438,0.08532609344243484,0.4403498513557437,0.19624289512310025,0.042015659755048174,1.0
287,False,0.18101852649664268,0.05587778211646062,0.3204093507191788,0.07012257594832268,0.18318854640967958,0.18938321830971558,1.0
288,False,0.18374185766721887,0.06409994917041067,0.1678233063266164,0.42142984834898206,0.06681511896849023,0.09608991951828207,1.0
289,False,0.13977476727536503,0.026509653176428408,0.3514440337613218,0.16818644449150658,0.16873085882280073,0.14535424247257747,1.0
290,False,0.08799441919092574,0.1440632692708226,0.16953864805928692,0.18211578677973014,0.3276084205336855,0.08867945616554908,1.0
291,False,0.06989380819499745,0.40273420308894914,0.330500017682395,0.041236132008859235,0.12702820005253349,0.028607638972265634,1.0
292,False,0.05013186286584055,0.04777286504772855,0.13086629514786016,0.32370863714768666,0.07782897881099948,0.36969136097988453,1.0
293,False,0.2865553117349385,0.09703628775635242,0.14655043725142614,0.12329269382247203,0.23069645488980978,0.11586881454500124,1.0
294,False,0.21495335212878283,0.27550946915626,0.2610191405863144,0.08894497480348698,0.007358174997430902,0.1522148883277249,1.0
295,False,0.04293992247031324,0.5733748335592223,0.08034969998631708,0.0851505256342977,0.10458109810444051,0.1136039202454092,1.0
296,False,0.03124347830018868,0.11562320936990493,0.014809383853846985,0.00024557783978158793,0.12927019285336983,0.708808157782908,0.9923469387755103
297,False,0.21820135072954613,0.025028194507906776,0.11767752468686292,0.06913484505550309,0.43966375783435957,0.1302943271858215,1.0
298,False,0.168925931537583,0.0899428600042853,0.16780093516429825,0.15576846195592448,0.35768477214049643,0.05987703919741259,1.0
299,False,0.10178932315815044,0.15486866397583285,0.17743003408751093,0.055338003540758345,0.19199986853640383,0.3185741067013437,1.0
